5	3	47456	18:17:41	0.30
2	3	42996	12:54:06	0.30
8	4	100	07:41:10	0.40
1	1	23.224	05:07:56	0.22
2	3	78651	11:03:09	0.30
4	2	93	01:15:35	0.25
2	3	37563	03:12:29	0.30
9	4	100	08:21:27	0.40
2	3	17882	02:55:11	0.30
6	2	51	08:14:48	0.25
6	2	19	14:00:37	0.25
10	2	4	09:21:49	0.25
10	2	18	19:50:40	0.25
1	1	21.240	11:16:12	0.22
10	2	4	15:56:46	0.25
4	2	57	10:19:19	0.25
4	2	80	08:46:00	0.25
3	4	100	12:06:10	0.40
2	3	94322	19:13:19	0.30
9	4	100	13:38:21	0.40
3	4	100	13:30:18	0.40
2	3	45873	10:33:39	0.30
4	2	0	22:28:58	0.25
1	1	32.306	00:08:12	0.22
4	2	28	18:43:34	0.25
4	2	17	11:17:08	0.25
7	2	81	16:37:36	0.25
1	1	25.662	07:12:01	0.22
6	2	55	11:07:51	0.25
9	4	100	11:28:28	0.40
5	3	54753	05:58:36	0.30
8	4	100	13:24:06	0.40
1	1	30.950	16:01:19	0.22
6	2	45	14:24:49	0.25
6	2	18	07:20:33	0.25
9	4	100	21:18:51	0.40
5	3	83790	03:14:20	0.30
3	4	100	01:47:50	0.40
4	2	14	22:02:07	0.25
9	4	100	08:59:23	0.40
9	4	100	20:21:26	0.40
5	3	67259	03:08:51	0.30
2	3	18922	02:07:45	0.30
6	2	33	15:49:00	0.25
7	2	95	21:00:32	0.25
2	3	32321	13:46:28	0.30
10	2	51	00:25:28	0.25
9	4	100	19:01:43	0.40
6	2	92	16:37:14	0.25
6	2	39	06:23:42	0.25
4	2	4	16:13:05	0.25
3	4	100	04:31:14	0.40
9	4	100	15:17:11	0.40
7	2	67	05:55:10	0.25
3	4	100	06:39:51	0.40
8	4	100	00:59:27	0.40
7	2	44	22:08:11	0.25
2	3	30649	20:19:49	0.30
9	4	100	01:15:58	0.40
6	2	82	20:26:40	0.25
7	2	67	19:00:20	0.25
9	4	100	17:14:56	0.40
6	2	3	23:45:30	0.25
9	4	100	16:30:25	0.40
8	4	100	05:22:03	0.40
4	2	74	08:23:46	0.25
3	4	100	07:43:10	0.40
6	2	8	11:12:56	0.25
2	3	57015	21:27:24	0.30
8	4	100	02:13:11	0.40
6	2	79	00:09:01	0.25
1	1	16.777	12:45:19	0.22
4	2	21	21:44:54	0.25
4	2	64	07:13:02	0.25
6	2	57	21:19:13	0.25
6	2	0	15:39:42	0.25
8	4	100	18:45:47	0.40
6	2	21	23:23:40	0.25
7	2	35	02:43:07	0.25
6	2	61	15:36:23	0.25
10	2	37	11:05:59	0.25
3	4	100	08:39:13	0.40
2	3	91594	20:07:20	0.30
7	2	61	00:19:46	0.25
4	2	19	03:02:47	0.25
8	4	100	22:04:48	0.40
10	2	51	19:30:39	0.25
6	2	31	18:49:17	0.25
10	2	90	20:14:44	0.25
4	2	61	18:20:56	0.25
2	3	39364	04:40:40	0.30
6	2	55	13:46:08	0.25
5	3	16467	10:25:39	0.30
2	3	45280	21:15:26	0.30
10	2	86	11:52:31	0.25
3	4	100	01:10:47	0.40
7	2	95	01:44:50	0.25
1	1	17.285	23:03:08	0.22
5	3	82881	21:50:58	0.30
8	4	100	12:00:53	0.40
1	1	31.912	22:22:04	0.22
7	2	39	22:22:51	0.25
10	2	12	02:33:40	0.25
3	4	100	13:40:34	0.40
5	3	67259	00:42:34	0.30
9	4	100	18:45:01	0.40
9	4	100	00:18:37	0.40
5	3	36852	08:49:41	0.30
1	1	16.521	06:27:09	0.22
1	1	18.578	16:06:36	0.22
8	4	100	05:51:36	0.40
8	4	100	21:00:33	0.40
5	3	81255	10:40:54	0.30
4	2	84	15:33:32	0.25
5	3	76449	14:19:00	0.30
6	2	72	15:10:32	0.25
6	2	28	07:31:06	0.25
7	2	12	23:14:23	0.25
7	2	38	00:08:57	0.25
7	2	6	05:17:24	0.25
9	4	100	19:07:27	0.40
6	2	45	01:05:04	0.25
5	3	23401	04:40:02	0.30
10	2	80	06:01:41	0.25
3	4	100	11:55:06	0.40
7	2	86	10:02:47	0.25
4	2	55	18:41:40	0.25
4	2	33	22:57:00	0.25
8	4	100	01:01:17	0.40
1	1	22.238	00:07:46	0.22
6	2	17	15:01:28	0.25
9	4	100	07:59:53	0.40
5	3	71493	12:44:01	0.30
9	4	100	05:29:35	0.40
9	4	100	11:23:48	0.40
4	2	35	17:55:05	0.25
10	2	15	21:51:57	0.25
5	3	42847	17:00:52	0.30
9	4	100	11:27:08	0.40
7	2	11	17:41:45	0.25
8	4	100	22:54:02	0.40
3	4	100	17:00:55	0.40
1	1	23.606	01:59:38	0.22
3	4	100	09:32:46	0.40
1	1	21.425	15:26:56	0.22
8	4	100	10:47:38	0.40
5	3	52988	20:01:55	0.30
4	2	18	19:35:25	0.25
2	3	3020	06:11:40	0.30
8	4	100	15:54:20	0.40
5	3	99612	15:17:03	0.30
7	2	66	15:12:53	0.25
10	2	60	00:42:13	0.25
5	3	29382	20:42:25	0.30
6	2	66	02:48:18	0.25
10	2	74	06:29:02	0.25
4	2	63	17:13:05	0.25
4	2	71	06:50:47	0.25
10	2	47	23:48:21	0.25
6	2	50	03:17:48	0.25
9	4	100	02:17:31	0.40
1	1	15.494	03:13:12	0.22
2	3	44235	20:07:32	0.30
1	1	20.041	16:24:08	0.22
1	1	33.873	02:00:15	0.22
2	3	41621	08:05:40	0.30
4	2	89	17:04:47	0.25
3	4	100	03:15:00	0.40
10	2	100	17:53:00	0.25
10	2	58	20:32:46	0.25
5	3	26044	03:26:05	0.30
5	3	13628	14:50:37	0.30
3	4	100	22:44:17	0.40
5	3	44085	17:23:36	0.30
4	2	91	10:45:14	0.25
7	2	80	00:58:35	0.25
4	2	1	20:04:05	0.25
5	3	23395	06:22:41	0.30
2	3	9974	03:10:25	0.30
3	4	100	04:34:23	0.40
2	3	14700	09:16:32	0.30
4	2	13	06:44:14	0.25
8	4	100	19:09:18	0.40
8	4	100	01:53:13	0.40
5	3	30913	05:33:27	0.30
1	1	22.104	17:04:44	0.22
9	4	100	07:25:48	0.40
4	2	63	02:02:24	0.25
10	2	53	00:02:56	0.25
6	2	97	16:18:28	0.25
2	3	14633	06:57:15	0.30
2	3	42924	01:54:44	0.30
3	4	100	06:45:07	0.40
6	2	12	21:18:32	0.25
2	3	73042	04:56:18	0.30
2	3	1285	13:24:54	0.30
2	3	82179	10:23:18	0.30
5	3	1086	03:41:37	0.30
8	4	100	21:21:48	0.40
5	3	68878	02:51:07	0.30
1	1	15.621	08:54:56	0.22
1	1	23.202	18:22:28	0.22
5	3	87693	23:14:41	0.30
7	2	12	06:58:02	0.25
3	4	100	06:30:59	0.40
10	2	42	01:35:59	0.25
7	2	84	14:06:19	0.25
3	4	100	07:50:34	0.40
9	4	100	05:33:34	0.40
2	3	41555	12:53:23	0.30
5	3	75461	17:42:50	0.30
4	2	21	14:50:17	0.25
2	3	96583	06:47:04	0.30
4	2	91	00:35:20	0.25
2	3	92593	09:30:16	0.30
7	2	59	13:15:09	0.25
2	3	81890	04:59:03	0.30
2	3	27757	20:04:33	0.30
3	4	100	23:19:18	0.40
3	4	100	07:33:50	0.40
2	3	81089	11:48:14	0.30
4	2	27	12:59:56	0.25
9	4	100	05:50:02	0.40
8	4	100	23:52:46	0.40
6	2	85	09:23:46	0.25
1	1	24.552	00:02:55	0.22
4	2	48	18:14:26	0.25
2	3	66928	19:45:13	0.30
6	2	90	10:30:17	0.25
7	2	48	17:27:49	0.25
3	4	100	11:29:03	0.40
10	2	43	21:21:28	0.25
5	3	37554	13:43:15	0.30
3	4	100	10:31:15	0.40
2	3	1002	14:43:14	0.30
1	1	19.736	19:27:13	0.22
10	2	90	06:33:36	0.25
5	3	20625	18:56:47	0.30
8	4	100	05:04:28	0.40
5	3	7980	22:42:01	0.30
7	2	57	04:29:26	0.25
9	4	100	14:05:33	0.40
4	2	34	10:32:15	0.25
6	2	62	11:49:16	0.25
8	4	100	06:06:57	0.40
5	3	23663	19:35:42	0.30
4	2	14	19:43:39	0.25
4	2	61	06:49:04	0.25
10	2	3	22:19:40	0.25
6	2	84	02:27:02	0.25
10	2	28	13:10:54	0.25
8	4	100	21:10:00	0.40
9	4	100	03:38:32	0.40
2	3	81946	16:41:53	0.30
5	3	62915	15:19:37	0.30
2	3	46795	15:51:41	0.30
2	3	7236	09:05:39	0.30
3	4	100	05:29:46	0.40
10	2	16	13:37:07	0.25
6	2	72	09:33:48	0.25
6	2	74	03:19:15	0.25
7	2	47	18:43:26	0.25
3	4	100	01:50:10	0.40
1	1	31.010	00:56:38	0.22
6	2	30	02:54:51	0.25
7	2	74	05:47:15	0.25
3	4	100	23:15:25	0.40
7	2	81	17:48:21	0.25
10	2	73	22:46:16	0.25
1	1	27.489	18:18:57	0.22
3	4	100	21:32:13	0.40
1	1	33.503	22:36:05	0.22
3	4	100	23:22:35	0.40
3	4	100	16:15:06	0.40
2	3	87441	12:27:56	0.30
8	4	100	09:47:33	0.40
8	4	100	17:06:11	0.40
6	2	23	05:24:37	0.25
8	4	100	17:25:11	0.40
8	4	100	05:40:01	0.40
9	4	100	20:42:18	0.40
3	4	100	19:10:43	0.40
7	2	4	06:31:16	0.25
3	4	100	15:12:14	0.40
9	4	100	05:50:03	0.40
1	1	26.669	19:03:48	0.22
9	4	100	21:16:21	0.40
1	1	29.993	00:44:22	0.22
7	2	62	00:21:36	0.25
9	4	100	19:48:08	0.40
2	3	88301	00:13:43	0.30
5	3	12901	13:38:04	0.30
7	2	38	02:01:45	0.25
4	2	58	09:31:20	0.25
6	2	4	04:31:28	0.25
1	1	15.886	01:40:58	0.22
9	4	100	20:27:42	0.40
3	4	100	13:33:20	0.40
4	2	5	00:18:06	0.25
5	3	31709	18:58:36	0.30
10	2	11	16:19:09	0.25
10	2	26	22:07:16	0.25
4	2	50	16:20:46	0.25
6	2	57	16:17:01	0.25
8	4	100	19:21:11	0.40
4	2	14	16:36:12	0.25
7	2	16	09:41:20	0.25
1	1	24.439	06:32:54	0.22
8	4	100	05:15:26	0.40
1	1	20.762	14:04:49	0.22
6	2	26	04:52:25	0.25
5	3	13787	14:28:57	0.30
8	4	100	18:19:32	0.40
8	4	100	20:19:57	0.40
4	2	42	22:23:20	0.25
10	2	57	06:44:12	0.25
2	3	5968	22:55:56	0.30
4	2	47	23:37:42	0.25
4	2	6	03:41:40	0.25
4	2	38	23:09:14	0.25
6	2	55	22:45:16	0.25
3	4	100	05:34:18	0.40
3	4	100	23:15:04	0.40
2	3	55693	15:20:38	0.30
8	4	100	13:11:54	0.40
3	4	100	02:16:56	0.40
7	2	97	15:30:30	0.25
5	3	51918	15:02:07	0.30
7	2	95	23:07:49	0.25
4	2	5	12:43:00	0.25
2	3	71888	23:32:55	0.30
6	2	57	10:22:40	0.25
1	1	17.662	01:07:41	0.22
6	2	46	07:38:33	0.25
5	3	79591	17:34:04	0.30
1	1	28.656	12:46:39	0.22
10	2	80	16:50:04	0.25
4	2	63	17:28:13	0.25
6	2	26	06:56:53	0.25
3	4	100	15:32:23	0.40
1	1	16.327	20:23:01	0.22
10	2	30	00:47:38	0.25
1	1	17.683	01:06:10	0.22
10	2	95	17:07:45	0.25
9	4	100	14:48:29	0.40
4	2	40	09:01:21	0.25
7	2	92	22:07:05	0.25
6	2	33	03:44:57	0.25
6	2	14	23:11:16	0.25
6	2	93	09:14:15	0.25
6	2	47	02:00:56	0.25
4	2	71	23:13:40	0.25
8	4	100	16:12:48	0.40
6	2	47	13:21:52	0.25
9	4	100	04:19:52	0.40
6	2	51	23:04:43	0.25
7	2	33	04:38:13	0.25
3	4	100	08:09:53	0.40
5	3	58254	07:52:06	0.30
8	4	100	20:03:56	0.40
10	2	52	21:25:41	0.25
1	1	22.215	23:08:07	0.22
5	3	86498	17:33:51	0.30
2	3	12363	21:18:48	0.30
3	4	100	06:09:14	0.40
5	3	6408	18:09:26	0.30
3	4	100	02:15:51	0.40
6	2	37	13:36:04	0.25
5	3	50712	21:48:13	0.30
6	2	3	10:20:20	0.25
3	4	100	08:48:38	0.40
5	3	31101	04:21:44	0.30
9	4	100	07:00:41	0.40
5	3	91584	04:25:47	0.30
3	4	100	09:10:23	0.40
5	3	13629	06:23:27	0.30
1	1	26.418	14:55:38	0.22
7	2	33	06:06:26	0.25
5	3	53362	08:02:57	0.30
4	2	98	03:41:50	0.25
6	2	6	07:11:03	0.25
3	4	100	13:00:42	0.40
9	4	100	01:41:11	0.40
9	4	100	03:48:15	0.40
3	4	100	23:26:50	0.40
4	2	6	10:38:09	0.25
5	3	39177	03:25:55	0.30
8	4	100	13:35:51	0.40
3	4	100	10:29:56	0.40
4	2	21	00:29:24	0.25
10	2	45	17:55:59	0.25
4	2	11	17:08:23	0.25
6	2	28	12:31:23	0.25
2	3	2269	09:20:10	0.30
9	4	100	15:16:34	0.40
10	2	11	08:08:01	0.25
8	4	100	09:04:24	0.40
9	4	100	03:02:12	0.40
10	2	82	12:02:24	0.25
3	4	100	10:58:18	0.40
1	1	17.910	12:31:11	0.22
5	3	98673	02:59:30	0.30
8	4	100	11:17:32	0.40
6	2	73	13:52:26	0.25
10	2	32	00:33:36	0.25
1	1	17.466	03:01:49	0.22
3	4	100	21:23:42	0.40
9	4	100	21:19:40	0.40
6	2	70	06:17:18	0.25
4	2	14	02:15:13	0.25
5	3	46479	21:46:57	0.30
3	4	100	19:10:56	0.40
1	1	25.565	02:04:10	0.22
9	4	100	11:25:26	0.40
9	4	100	04:27:26	0.40
4	2	22	01:37:16	0.25
1	1	32.331	00:57:04	0.22
5	3	2853	15:10:26	0.30
5	3	54409	01:22:07	0.30
8	4	100	23:13:23	0.40
3	4	100	16:05:30	0.40
10	2	41	09:28:44	0.25
7	2	18	09:43:56	0.25
3	4	100	16:41:34	0.40
3	4	100	06:27:36	0.40
6	2	62	10:56:29	0.25
7	2	42	09:30:04	0.25
5	3	91608	11:33:51	0.30
10	2	31	04:22:26	0.25
5	3	50012	00:03:31	0.30
7	2	23	07:16:52	0.25
3	4	100	07:38:39	0.40
3	4	100	02:47:47	0.40
6	2	88	05:00:21	0.25
4	2	46	07:29:11	0.25
6	2	90	12:28:37	0.25
9	4	100	04:28:24	0.40
9	4	100	00:49:21	0.40
4	2	21	12:54:36	0.25
4	2	89	22:37:34	0.25
6	2	88	01:12:31	0.25
9	4	100	01:56:05	0.40
10	2	67	09:27:27	0.25
3	4	100	22:49:33	0.40
8	4	100	08:11:59	0.40
3	4	100	03:28:04	0.40
9	4	100	10:00:10	0.40
5	3	59829	01:00:44	0.30
8	4	100	08:57:26	0.40
4	2	7	08:11:45	0.25
5	3	88825	18:04:10	0.30
10	2	83	11:31:10	0.25
7	2	23	12:30:35	0.25
4	2	14	08:51:27	0.25
8	4	100	16:29:15	0.40
9	4	100	14:23:57	0.40
9	4	100	05:39:21	0.40
9	4	100	16:05:51	0.40
9	4	100	23:28:57	0.40
5	3	35946	23:33:41	0.30
8	4	100	01:43:24	0.40
2	3	45659	15:17:07	0.30
6	2	82	06:42:14	0.25
6	2	70	12:39:54	0.25
2	3	22525	08:06:17	0.30
9	4	100	05:54:24	0.40
5	3	45597	16:13:15	0.30
10	2	87	17:22:42	0.25
8	4	100	01:49:38	0.40
3	4	100	12:29:32	0.40
9	4	100	10:25:30	0.40
6	2	20	12:27:08	0.25
8	4	100	07:03:38	0.40
6	2	34	01:58:24	0.25
4	2	5	14:34:37	0.25
3	4	100	16:25:33	0.40
10	2	78	03:23:27	0.25
8	4	100	18:50:23	0.40
8	4	100	17:22:00	0.40
6	2	94	15:05:37	0.25
10	2	33	21:37:21	0.25
2	3	33705	05:32:51	0.30
10	2	23	16:39:18	0.25
1	1	30.258	14:10:02	0.22
9	4	100	00:45:13	0.40
8	4	100	06:29:56	0.40
6	2	31	18:02:12	0.25
10	2	41	15:06:59	0.25
8	4	100	21:29:40	0.40
1	1	24.019	14:23:27	0.22
4	2	80	18:12:19	0.25
3	4	100	12:58:22	0.40
4	2	39	16:59:58	0.25
3	4	100	17:12:51	0.40
6	2	64	12:39:59	0.25
10	2	0	23:09:19	0.25
4	2	14	13:34:48	0.25
2	3	95859	15:28:24	0.30
2	3	102	12:46:54	0.30
6	2	42	10:12:21	0.25
7	2	66	18:41:33	0.25
3	4	100	10:12:33	0.40
6	2	47	22:04:14	0.25
10	2	47	14:21:15	0.25
8	4	100	17:34:17	0.40
7	2	75	18:42:36	0.25
8	4	100	22:23:26	0.40
5	3	80095	09:17:30	0.30
4	2	72	11:53:22	0.25
9	4	100	08:16:15	0.40
8	4	100	11:40:30	0.40
5	3	82617	22:19:17	0.30
9	4	100	14:00:13	0.40
1	1	30.028	05:25:23	0.22
1	1	29.759	09:14:05	0.22
2	3	26872	01:33:20	0.30
7	2	59	12:24:23	0.25
4	2	62	23:41:14	0.25
4	2	57	10:04:52	0.25
2	3	58881	07:45:01	0.30
8	4	100	05:25:03	0.40
10	2	66	20:49:34	0.25
10	2	55	13:02:10	0.25
3	4	100	04:39:01	0.40
7	2	9	13:58:58	0.25
1	1	28.934	04:50:41	0.22
1	1	24.978	06:48:51	0.22
9	4	100	04:00:34	0.40
7	2	30	17:07:00	0.25
2	3	36426	17:42:10	0.30
8	4	100	22:23:44	0.40
7	2	88	19:50:37	0.25
9	4	100	06:38:16	0.40
5	3	23675	18:50:10	0.30
2	3	8569	18:44:06	0.30
10	2	75	19:51:45	0.25
10	2	87	05:09:10	0.25
4	2	99	00:28:56	0.25
10	2	71	17:40:09	0.25
5	3	41910	15:59:46	0.30
2	3	92872	05:22:06	0.30
4	2	93	03:22:00	0.25
5	3	9392	23:27:53	0.30
5	3	39444	20:35:27	0.30
1	1	33.298	20:47:19	0.22
6	2	43	10:28:51	0.25
10	2	41	20:19:25	0.25
2	3	10012	10:05:36	0.30
2	3	43061	06:06:29	0.30
9	4	100	20:51:53	0.40
4	2	45	04:40:17	0.25
1	1	34.183	19:01:30	0.22
4	2	75	07:46:57	0.25
9	4	100	07:39:03	0.40
7	2	35	10:23:06	0.25
5	3	49436	02:23:30	0.30
3	4	100	08:09:42	0.40
8	4	100	22:38:06	0.40
5	3	49397	02:47:11	0.30
6	2	96	19:55:28	0.25
8	4	100	01:02:32	0.40
10	2	66	16:49:19	0.25
3	4	100	01:59:25	0.40
8	4	100	15:37:11	0.40
2	3	69101	22:59:38	0.30
7	2	0	16:10:20	0.25
6	2	76	02:45:45	0.25
8	4	100	04:22:54	0.40
6	2	17	10:33:55	0.25
1	1	33.210	17:27:13	0.22
9	4	100	07:05:28	0.40
4	2	4	01:35:17	0.25
6	2	73	15:21:48	0.25
10	2	62	02:02:02	0.25
10	2	30	14:10:08	0.25
10	2	69	01:29:39	0.25
8	4	100	02:31:01	0.40
3	4	100	18:59:35	0.40
5	3	1302	13:48:55	0.30
8	4	100	11:03:02	0.40
2	3	59723	11:30:10	0.30
2	3	96791	05:33:15	0.30
10	2	14	09:54:49	0.25
7	2	69	19:16:33	0.25
9	4	100	19:48:27	0.40
4	2	41	09:52:37	0.25
2	3	33520	11:00:51	0.30
1	1	27.022	12:55:42	0.22
3	4	100	02:04:10	0.40
8	4	100	15:40:12	0.40
7	2	0	09:16:46	0.25
10	2	65	18:52:27	0.25
9	4	100	04:29:07	0.40
2	3	22854	03:29:35	0.30
10	2	8	14:04:38	0.25
2	3	36773	05:41:31	0.30
8	4	100	19:15:03	0.40
9	4	100	15:58:27	0.40
4	2	4	20:57:17	0.25
4	2	73	15:27:17	0.25
6	2	3	22:42:36	0.25
9	4	100	02:36:54	0.40
7	2	85	19:02:13	0.25
4	2	6	09:05:13	0.25
3	4	100	18:29:32	0.40
5	3	63361	23:41:41	0.30
3	4	100	21:21:22	0.40
8	4	100	09:36:25	0.40
8	4	100	01:26:09	0.40
3	4	100	08:57:02	0.40
3	4	100	23:29:19	0.40
9	4	100	09:42:10	0.40
10	2	37	11:17:18	0.25
9	4	100	03:27:33	0.40
10	2	70	15:54:46	0.25
9	4	100	05:40:50	0.40
4	2	77	17:34:23	0.25
9	4	100	05:43:11	0.40
10	2	72	06:05:38	0.25
10	2	13	00:16:20	0.25
4	2	58	01:20:31	0.25
3	4	100	07:55:54	0.40
4	2	57	03:50:51	0.25
6	2	62	21:03:49	0.25
10	2	79	18:06:44	0.25
4	2	6	16:51:58	0.25
10	2	34	05:33:43	0.25
9	4	100	18:26:57	0.40
8	4	100	05:18:20	0.40
4	2	31	19:36:18	0.25
10	2	85	15:20:18	0.25
4	2	28	16:38:18	0.25
8	4	100	22:05:54	0.40
3	4	100	07:36:40	0.40
1	1	30.082	04:40:53	0.22
10	2	90	03:21:21	0.25
9	4	100	15:09:39	0.40
5	3	30095	17:15:47	0.30
7	2	7	06:41:09	0.25
2	3	88122	17:26:49	0.30
5	3	21563	09:47:51	0.30
9	4	100	19:49:33	0.40
8	4	100	05:21:07	0.40
2	3	64681	06:04:06	0.30
1	1	19.366	12:47:00	0.22
2	3	1711	17:25:03	0.30
6	2	91	16:00:54	0.25
3	4	100	23:42:44	0.40
5	3	28405	13:06:03	0.30
3	4	100	23:13:38	0.40
1	1	20.381	14:39:54	0.22
3	4	100	07:23:32	0.40
8	4	100	06:16:15	0.40
8	4	100	12:30:56	0.40
4	2	1	15:22:03	0.25
1	1	24.555	06:19:45	0.22
10	2	84	16:15:04	0.25
9	4	100	17:00:58	0.40
1	1	18.827	19:18:59	0.22
4	2	76	21:59:17	0.25
7	2	18	22:46:06	0.25
5	3	39544	19:28:16	0.30
10	2	35	19:42:34	0.25
4	2	75	01:53:49	0.25
4	2	67	04:12:45	0.25
3	4	100	12:50:40	0.40
6	2	48	05:11:35	0.25
8	4	100	14:59:21	0.40
1	1	34.220	12:30:43	0.22
7	2	30	06:30:13	0.25
5	3	89568	18:19:09	0.30
3	4	100	05:40:53	0.40
7	2	0	09:34:20	0.25
5	3	74639	21:59:36	0.30
10	2	37	23:23:18	0.25
6	2	36	11:13:49	0.25
1	1	19.123	01:34:33	0.22
2	3	90488	01:13:08	0.30
2	3	72723	15:43:06	0.30
7	2	74	03:00:54	0.25
9	4	100	12:41:02	0.40
7	2	11	11:06:05	0.25
8	4	100	20:24:14	0.40
7	2	88	16:14:57	0.25
3	4	100	04:58:30	0.40
4	2	89	07:18:41	0.25
10	2	65	00:48:25	0.25
3	4	100	00:11:37	0.40
10	2	40	12:52:58	0.25
8	4	100	23:30:29	0.40
7	2	42	03:55:21	0.25
10	2	64	15:01:44	0.25
5	3	93068	23:36:48	0.30
4	2	37	03:57:05	0.25
9	4	100	23:39:05	0.40
7	2	4	10:47:11	0.25
6	2	9	15:35:02	0.25
8	4	100	14:15:42	0.40
6	2	33	18:16:47	0.25
9	4	100	04:39:04	0.40
9	4	100	04:16:08	0.40
7	2	31	05:41:12	0.25
5	3	40170	18:36:37	0.30
4	2	63	11:00:42	0.25
9	4	100	05:20:31	0.40
8	4	100	20:08:17	0.40
10	2	48	04:21:50	0.25
6	2	13	09:39:40	0.25
7	2	14	08:19:26	0.25
6	2	99	23:21:03	0.25
2	3	95466	21:03:12	0.30
1	1	16.206	01:41:52	0.22
1	1	23.142	23:34:41	0.22
6	2	19	22:45:47	0.25
1	1	22.006	06:03:06	0.22
7	2	79	19:00:23	0.25
3	4	100	08:43:14	0.40
5	3	39273	05:10:52	0.30
8	4	100	20:02:51	0.40
5	3	11807	05:01:36	0.30
1	1	25.069	15:11:03	0.22
5	3	28941	14:25:22	0.30
1	1	27.842	17:53:06	0.22
10	2	100	04:45:45	0.25
5	3	91669	14:07:54	0.30
8	4	100	21:10:43	0.40
5	3	50535	10:01:20	0.30
6	2	79	04:16:13	0.25
6	2	10	02:48:00	0.25
5	3	13007	10:12:14	0.30
2	3	97607	16:32:36	0.30
3	4	100	23:21:46	0.40
8	4	100	20:26:01	0.40
5	3	62257	20:54:13	0.30
6	2	67	01:25:07	0.25
8	4	100	09:06:10	0.40
8	4	100	15:33:15	0.40
3	4	100	18:36:21	0.40
5	3	21386	03:02:23	0.30
8	4	100	06:01:15	0.40
5	3	25886	16:54:25	0.30
4	2	56	02:44:56	0.25
8	4	100	04:23:32	0.40
2	3	24482	05:40:34	0.30
10	2	94	19:02:58	0.25
9	4	100	16:11:14	0.40
7	2	80	21:15:34	0.25
6	2	45	14:07:43	0.25
4	2	61	08:19:33	0.25
6	2	6	15:13:34	0.25
7	2	68	07:46:12	0.25
7	2	48	23:34:46	0.25
3	4	100	10:58:04	0.40
9	4	100	17:23:21	0.40
5	3	22740	03:49:25	0.30
6	2	70	15:11:45	0.25
4	2	43	11:53:41	0.25
6	2	58	15:55:15	0.25
3	4	100	01:29:40	0.40
4	2	54	05:06:44	0.25
10	2	49	03:23:47	0.25
5	3	86845	20:55:18	0.30
4	2	4	04:41:27	0.25
6	2	94	23:43:52	0.25
3	4	100	19:18:58	0.40
10	2	6	21:59:37	0.25
4	2	4	19:52:47	0.25
5	3	91635	02:27:42	0.30
